0.00 0.00 2.00 0.00 2.00 12.00 0.00 54.00 0.00 0.00 0.00 18.00 0.00 0.00 2.00 42.00 25.00 0.00 0.00 0.00 0.00 13.00 0.00 14.00 49.00 0.00 0.00 52.00 0.00 0.00 0.00 1.00 22.00 13.00 0.00 19.00 0.00 0.00 0.00 0.00 0.00 2.00 0.00 0.00 8.00 
0.00 0.00 0.00 0.00 0.00 4.00 4.00 1.00 0.00 0.00 0.00 0.00 0.00 0.00 0.00 2.00 0.00 0.00 0.00 0.00 0.00 9.00 9.00 0.00 0.00 0.00 0.00 10.00 10.00 0.00 0.00 0.00 1.00 11.00 17.00 0.00 0.00 0.00 0.00 0.00 0.00 1.00 1.00 0.00 14.00 
23.00 0.00 0.00 0.00 0.00 4.00 4.00 3.00 3.00 0.00 0.00 0.00 0.00 0.00 0.00 0.00 0.00 0.00 0.00 0.00 3.00 3.00 3.00 0.00 0.00 0.00 0.00 10.00 10.00 0.00 0.00 0.00 0.00 0.00 0.00 0.00 0.00 0.00 0.00 0.00 0.00 1.00 1.00 15.00 8.00 
52.00 4.00 0.00 0.00 0.00 4.00 4.00 3.00 3.00 0.00 0.00 0.00 0.00 0.00 0.00 0.00 0.00 0.00 0.00 3.00 3.00 3.00 3.00 0.00 0.00 0.00 0.00 10.00 10.00 0.00 0.00 0.00 0.00 0.00 0.00 0.00 0.00 0.00 0.00 0.00 0.00 0.00 1.00 28.00 26.00 
9.00 4.00 0.00 0.00 0.00 4.00 4.00 3.00 3.00 0.00 0.00 0.00 0.00 0.00 0.00 0.00 0.00 0.00 3.00 3.00 3.00 3.00 3.00 0.00 0.00 0.00 12.00 12.00 10.00 0.00 0.00 0.00 0.00 0.00 0.00 0.00 0.00 0.00 0.00 0.00 0.00 0.00 0.00 0.00 0.00 
9.00 4.00 0.00 0.00 0.00 0.00 3.00 3.00 0.00 0.00 0.00 0.00 0.00 0.00 0.00 0.00 0.00 0.00 3.00 3.00 3.00 3.00 3.00 233.00 236.00 236.00 215.00 22.00 11.00 10.00 0.00 0.00 0.00 0.00 0.00 0.00 0.00 0.00 0.00 4.00 0.00 0.00 0.00 0.00 0.00 
8.00 0.00 0.00 0.00 0.00 0.00 0.00 3.00 3.00 0.00 0.00 0.00 0.00 0.00 0.00 0.00 0.00 0.00 3.00 3.00 3.00 3.00 219.00 233.00 236.00 236.00 236.00 215.00 213.00 11.00 10.00 0.00 0.00 0.00 0.00 0.00 0.00 0.00 0.00 0.00 0.00 0.00 0.00 20.00 0.00 
0.00 0.00 0.00 0.00 0.00 0.00 1.00 3.00 3.00 3.00 9.00 0.00 0.00 0.00 0.00 0.00 0.00 0.00 3.00 3.00 3.00 210.00 222.00 236.00 247.00 247.00 237.00 237.00 221.00 213.00 8.00 8.00 8.00 0.00 0.00 0.00 0.00 0.00 0.00 0.00 0.00 0.00 0.00 0.00 12.00 
15.00 0.00 0.00 0.00 0.00 1.00 1.00 1.00 3.00 3.00 3.00 3.00 3.00 3.00 0.00 0.00 0.00 3.00 3.00 3.00 210.00 222.00 233.00 236.00 247.00 247.00 237.00 237.00 255.00 221.00 8.00 8.00 8.00 7.00 0.00 0.00 0.00 0.00 0.00 0.00 0.00 0.00 0.00 0.00 16.00 
15.00 0.00 0.00 0.00 0.00 0.00 1.00 1.00 3.00 3.00 3.00 16.00 13.00 7.00 5.00 5.00 3.00 3.00 6.00 203.00 222.00 233.00 233.00 236.00 236.00 236.00 237.00 255.00 255.00 255.00 30.00 10.00 8.00 8.00 0.00 0.00 0.00 0.00 0.00 0.00 0.00 0.00 0.00 0.00 0.00 
0.00 0.00 0.00 0.00 0.00 0.00 1.00 1.00 3.00 3.00 9.00 9.00 9.00 8.00 6.00 5.00 5.00 5.00 6.00 203.00 224.00 233.00 233.00 233.00 220.00 220.00 236.00 255.00 255.00 255.00 231.00 30.00 8.00 7.00 5.00 0.00 0.00 0.00 0.00 0.00 0.00 0.00 0.00 0.00 6.00 
8.00 2.00 2.00 0.00 0.00 0.00 0.00 1.00 2.00 2.00 2.00 9.00 8.00 8.00 7.00 5.00 5.00 5.00 5.00 203.00 226.00 233.00 233.00 220.00 13.00 13.00 211.00 246.00 255.00 253.00 253.00 30.00 8.00 7.00 0.00 0.00 0.00 0.00 0.00 0.00 0.00 0.00 0.00 0.00 0.00 
23.00 8.00 2.00 0.00 0.00 0.00 1.00 1.00 2.00 2.00 2.00 4.00 8.00 8.00 8.00 5.00 5.00 0.00 5.00 226.00 243.00 243.00 233.00 13.00 13.00 13.00 41.00 246.00 246.00 253.00 253.00 230.00 8.00 0.00 0.00 0.00 0.00 0.00 0.00 0.00 0.00 0.00 0.00 30.00 0.00 
0.00 21.00 8.00 0.00 0.00 0.00 1.00 1.00 1.00 1.00 2.00 4.00 8.00 8.00 14.00 14.00 5.00 5.00 5.00 255.00 243.00 243.00 230.00 13.00 13.00 13.00 13.00 41.00 246.00 246.00 252.00 241.00 8.00 8.00 8.00 0.00 0.00 0.00 0.00 0.00 0.00 0.00 0.00 0.00 0.00 
0.00 21.00 21.00 0.00 0.00 0.00 0.00 0.00 0.00 0.00 1.00 4.00 8.00 9.00 9.00 14.00 14.00 14.00 255.00 255.00 254.00 243.00 230.00 13.00 5.00 5.00 9.00 13.00 244.00 252.00 252.00 252.00 39.00 33.00 9.00 8.00 0.00 0.00 0.00 0.00 0.00 0.00 0.00 0.00 0.00 
32.00 0.00 0.00 0.00 0.00 0.00 0.00 0.00 0.00 0.00 0.00 1.00 8.00 9.00 9.00 14.00 14.00 255.00 255.00 255.00 254.00 254.00 21.00 5.00 5.00 4.00 5.00 9.00 238.00 252.00 252.00 252.00 226.00 33.00 9.00 9.00 0.00 0.00 0.00 0.00 0.00 0.00 0.00 44.00 7.00 
0.00 0.00 0.00 0.00 0.00 0.00 0.00 0.00 0.00 0.00 0.00 1.00 8.00 9.00 9.00 9.00 234.00 255.00 255.00 254.00 254.00 35.00 21.00 19.00 5.00 5.00 5.00 5.00 9.00 252.00 252.00 252.00 226.00 33.00 9.00 9.00 6.00 4.00 0.00 0.00 0.00 0.00 0.00 18.00 0.00 
23.00 0.00 0.00 0.00 0.00 0.00 0.00 0.00 0.00 0.00 0.00 1.00 6.00 7.00 7.00 9.00 255.00 255.00 255.00 254.00 43.00 21.00 19.00 19.00 18.00 10.00 5.00 5.00 9.00 210.00 252.00 252.00 243.00 33.00 9.00 9.00 6.00 4.00 0.00 0.00 0.00 0.00 0.00 0.00 68.00 
11.00 0.00 0.00 0.00 0.00 0.00 0.00 0.00 0.00 0.00 0.00 0.00 1.00 6.00 9.00 235.00 241.00 255.00 255.00 254.00 16.00 16.00 18.00 18.00 18.00 16.00 10.00 5.00 5.00 210.00 252.00 252.00 243.00 199.00 9.00 6.00 0.00 0.00 0.00 0.00 0.00 0.00 0.00 49.00 0.00 
0.00 0.00 0.00 0.00 0.00 0.00 0.00 0.00 0.00 0.00 0.00 0.00 1.00 6.00 15.00 235.00 241.00 255.00 255.00 16.00 16.00 16.00 16.00 16.00 16.00 16.00 11.00 5.00 5.00 5.00 251.00 252.00 252.00 243.00 9.00 0.00 0.00 0.00 0.00 0.00 0.00 0.00 0.00 18.00 0.00 
6.00 0.00 0.00 0.00 0.00 0.00 0.00 0.00 0.00 0.00 0.00 0.00 1.00 1.00 15.00 241.00 255.00 255.00 240.00 17.00 16.00 16.00 16.00 16.00 16.00 16.00 11.00 11.00 5.00 5.00 251.00 252.00 252.00 247.00 32.00 9.00 0.00 0.00 0.00 0.00 0.00 0.00 0.00 56.00 44.00 
0.00 0.00 0.00 0.00 0.00 0.00 0.00 0.00 0.00 0.00 0.00 0.00 0.00 1.00 226.00 241.00 255.00 255.00 240.00 17.00 16.00 16.00 16.00 16.00 16.00 14.00 11.00 11.00 5.00 5.00 193.00 251.00 247.00 247.00 229.00 17.00 9.00 0.00 0.00 0.00 0.00 0.00 5.00 5.00 0.00 
39.00 0.00 0.00 0.00 5.00 0.00 0.00 0.00 0.00 0.00 0.00 0.00 0.00 48.00 236.00 241.00 255.00 255.00 235.00 26.00 18.00 16.00 16.00 16.00 14.00 11.00 11.00 11.00 11.00 11.00 193.00 247.00 247.00 247.00 247.00 229.00 12.00 0.00 0.00 0.00 0.00 15.00 15.00 29.00 0.00 
16.00 0.00 0.00 5.00 5.00 5.00 0.00 0.00 0.00 0.00 0.00 14.00 48.00 239.00 241.00 241.00 248.00 251.00 251.00 235.00 31.00 31.00 16.00 16.00 16.00 14.00 14.00 230.00 230.00 248.00 248.00 250.00 250.00 250.00 247.00 229.00 14.00 10.00 0.00 0.00 0.00 15.00 15.00 0.00 48.00 
50.00 0.00 0.00 5.00 5.00 5.00 4.00 0.00 0.00 0.00 0.00 42.00 239.00 239.00 239.00 239.00 248.00 251.00 251.00 251.00 251.00 251.00 249.00 247.00 247.00 247.00 247.00 247.00 248.00 248.00 248.00 250.00 250.00 250.00 247.00 232.00 27.00 10.00 0.00 0.00 15.00 15.00 15.00 0.00 39.00 
3.00 3.00 5.00 5.00 4.00 4.00 4.00 4.00 0.00 0.00 0.00 217.00 239.00 239.00 239.00 239.00 246.00 248.00 251.00 251.00 251.00 251.00 249.00 249.00 249.00 255.00 251.00 249.00 248.00 248.00 248.00 250.00 253.00 250.00 247.00 232.00 27.00 0.00 0.00 0.00 0.00 2.00 0.00 0.00 16.00 
0.00 3.00 3.00 1.00 1.00 4.00 4.00 4.00 0.00 0.00 200.00 239.00 245.00 239.00 239.00 239.00 239.00 240.00 251.00 251.00 251.00 249.00 249.00 249.00 249.00 255.00 255.00 249.00 245.00 245.00 248.00 248.00 250.00 247.00 243.00 232.00 221.00 0.00 0.00 0.00 0.00 0.00 0.00 0.00 2.00 
0.00 1.00 1.00 1.00 1.00 1.00 1.00 0.00 0.00 35.00 239.00 255.00 255.00 245.00 239.00 40.00 40.00 40.00 46.00 239.00 239.00 239.00 239.00 239.00 241.00 249.00 249.00 223.00 28.00 28.00 0.00 63.00 238.00 243.00 243.00 243.00 228.00 0.00 0.00 0.00 0.00 0.00 0.00 0.00 14.00 
0.00 0.00 0.00 0.00 1.00 1.00 0.00 0.00 5.00 230.00 239.00 255.00 255.00 245.00 40.00 40.00 40.00 40.00 40.00 40.00 11.00 11.00 11.00 11.00 11.00 6.00 6.00 10.00 10.00 0.00 0.00 18.00 63.00 242.00 243.00 243.00 243.00 230.00 3.00 0.00 0.00 0.00 0.00 0.00 23.00 
19.00 0.00 0.00 0.00 0.00 0.00 0.00 0.00 10.00 231.00 255.00 255.00 255.00 40.00 3.00 3.00 3.00 4.00 4.00 11.00 11.00 11.00 11.00 11.00 11.00 6.00 6.00 6.00 1.00 0.00 0.00 4.00 18.00 215.00 243.00 254.00 243.00 242.00 207.00 3.00 3.00 0.00 0.00 0.00 15.00 
0.00 0.00 0.00 0.00 0.00 0.00 0.00 0.00 229.00 250.00 255.00 255.00 221.00 3.00 3.00 3.00 3.00 3.00 4.00 11.00 15.00 11.00 11.00 11.00 11.00 6.00 6.00 1.00 1.00 1.00 2.00 2.00 13.00 18.00 243.00 254.00 254.00 243.00 242.00 23.00 3.00 2.00 0.00 0.00 3.00 
0.00 0.00 0.00 0.00 0.00 0.00 0.00 0.00 250.00 255.00 255.00 255.00 32.00 3.00 3.00 3.00 3.00 3.00 3.00 11.00 11.00 11.00 11.00 11.00 11.00 6.00 6.00 1.00 1.00 1.00 2.00 8.00 11.00 11.00 18.00 243.00 246.00 246.00 243.00 24.00 3.00 3.00 2.00 0.00 0.00 
0.00 0.00 0.00 0.00 0.00 0.00 0.00 0.00 255.00 255.00 255.00 236.00 28.00 3.00 3.00 3.00 3.00 3.00 3.00 3.00 4.00 4.00 11.00 11.00 11.00 7.00 6.00 1.00 1.00 1.00 1.00 2.00 11.00 11.00 18.00 227.00 246.00 246.00 246.00 24.00 3.00 3.00 2.00 0.00 0.00 
0.00 0.00 0.00 0.00 0.00 0.00 0.00 0.00 255.00 255.00 255.00 236.00 15.00 3.00 3.00 3.00 3.00 3.00 3.00 3.00 3.00 4.00 4.00 11.00 11.00 6.00 4.00 4.00 1.00 1.00 1.00 1.00 2.00 11.00 18.00 227.00 245.00 246.00 246.00 246.00 3.00 2.00 2.00 14.00 3.00 
0.00 0.00 0.00 0.00 0.00 0.00 0.00 246.00 255.00 255.00 255.00 236.00 15.00 7.00 3.00 3.00 3.00 3.00 3.00 3.00 3.00 3.00 4.00 4.00 6.00 4.00 4.00 4.00 1.00 1.00 1.00 1.00 1.00 2.00 11.00 36.00 244.00 246.00 246.00 246.00 16.00 2.00 2.00 37.00 2.00 
0.00 0.00 0.00 0.00 0.00 0.00 0.00 255.00 255.00 255.00 255.00 36.00 15.00 7.00 5.00 3.00 3.00 19.00 3.00 3.00 3.00 3.00 3.00 4.00 4.00 4.00 4.00 4.00 1.00 1.00 1.00 1.00 1.00 1.00 1.00 11.00 244.00 246.00 246.00 246.00 16.00 2.00 2.00 0.00 38.00 
0.00 0.00 0.00 0.00 0.00 0.00 2.00 255.00 255.00 255.00 10.00 10.00 10.00 7.00 3.00 3.00 3.00 13.00 6.00 3.00 3.00 3.00 3.00 3.00 4.00 4.00 4.00 4.00 4.00 1.00 1.00 1.00 1.00 1.00 1.00 11.00 24.00 244.00 246.00 43.00 16.00 2.00 2.00 30.00 0.00 
0.00 0.00 0.00 0.00 0.00 0.00 0.00 28.00 28.00 13.00 10.00 10.00 10.00 10.00 7.00 3.00 3.00 3.00 3.00 3.00 3.00 3.00 3.00 4.00 4.00 7.00 7.00 4.00 1.00 1.00 0.00 0.00 1.00 1.00 1.00 7.00 11.00 24.00 27.00 16.00 6.00 6.00 6.00 18.00 0.00 
16.00 0.00 0.00 0.00 0.00 0.00 1.00 3.00 13.00 13.00 13.00 10.00 10.00 10.00 7.00 3.00 3.00 3.00 3.00 3.00 3.00 3.00 3.00 4.00 4.00 7.00 4.00 1.00 1.00 0.00 0.00 0.00 0.00 1.00 1.00 1.00 7.00 11.00 16.00 7.00 7.00 6.00 6.00 25.00 0.00 
9.00 0.00 0.00 0.00 0.00 1.00 3.00 3.00 3.00 13.00 13.00 10.00 10.00 9.00 7.00 3.00 3.00 3.00 3.00 3.00 3.00 3.00 3.00 3.00 4.00 4.00 1.00 1.00 1.00 0.00 0.00 0.00 0.00 1.00 1.00 1.00 1.00 7.00 7.00 7.00 7.00 7.00 10.00 19.00 3.00 
0.00 4.00 4.00 2.00 0.00 0.00 3.00 3.00 3.00 10.00 10.00 10.00 9.00 9.00 8.00 7.00 3.00 3.00 3.00 3.00 3.00 3.00 3.00 3.00 4.00 4.00 1.00 1.00 1.00 1.00 1.00 1.00 1.00 1.00 1.00 1.00 6.00 6.00 7.00 7.00 7.00 7.00 10.00 30.00 34.00 
30.00 4.00 4.00 0.00 0.00 0.00 0.00 0.00 3.00 3.00 3.00 3.00 3.00 8.00 8.00 3.00 3.00 3.00 8.00 3.00 3.00 3.00 3.00 3.00 4.00 4.00 2.00 2.00 2.00 2.00 1.00 1.00 1.00 1.00 1.00 1.00 6.00 6.00 7.00 7.00 7.00 7.00 10.00 36.00 0.00 
24.00 4.00 0.00 0.00 0.00 0.00 0.00 0.00 3.00 3.00 3.00 3.00 3.00 3.00 3.00 3.00 3.00 3.00 3.00 3.00 3.00 3.00 3.00 3.00 3.00 4.00 2.00 2.00 2.00 2.00 1.00 0.00 0.00 0.00 0.00 0.00 1.00 6.00 7.00 7.00 7.00 7.00 10.00 13.00 0.00 
27.00 0.00 0.00 0.00 0.00 0.00 0.00 0.00 0.00 0.00 0.00 0.00 0.00 0.00 0.00 0.00 0.00 0.00 0.00 0.00 0.00 3.00 3.00 3.00 3.00 0.00 0.00 2.00 2.00 0.00 0.00 0.00 0.00 0.00 0.00 0.00 0.00 1.00 6.00 6.00 6.00 7.00 7.00 2.00 7.00 
